1993   1    1993.042      357.00      357.00      356.96     28
1993   2    1993.125      357.31      357.31      356.44     28
1993   3    1993.208      358.47      358.47      356.76     30
1993   4    1993.292      359.27      359.27      356.59     25
1993   5    1993.375      360.19      360.19      357.03     30
1993   6    1993.458      359.52      359.52      357.12     28
1993   7    1993.542      357.33      357.33      356.76     25
1993   8    1993.625      355.64      355.64      357.32     27
1993   9    1993.708      354.03      354.03      357.39     23
1993  10    1993.792      354.12      354.12      357.49     28
1993  11    1993.875      355.41      355.41      357.54     29
1993  12    1993.958      356.91      356.91      357.80     30
1994   1    1994.042      358.24      358.24      358.13     27
1994   2    1994.125      358.92      358.92      358.09     25
1994   3    1994.208      359.99      359.99      358.29     29
1994   4    1994.292      361.23      361.23      358.46     28
1994   5    1994.375      361.65      361.65      358.46     30
1994   6    1994.458      360.81      360.81      358.44     27
1994   7    1994.542      359.38      359.38      358.79     31
1994   8    1994.625      357.46      357.46      359.16     24
1994   9    1994.708      355.73      355.73      359.17     24
1994  10    1994.792      356.07      356.07      359.49     28
1994  11    1994.875      357.53      357.53      359.68     28
1994  12    1994.958      358.98      358.98      359.83     28
1995   1    1995.042      359.92      359.92      359.79     30
1995   2    1995.125      360.86      360.86      360.05     28
1995   3    1995.208      361.83      361.83      360.22     29
1995   4    1995.292      363.30      363.30      360.62     29
1995   5    1995.375      363.69      363.69      360.58     29
1995   6    1995.458      363.19      363.19      360.84     27
1995   7    1995.542      361.64      361.64      360.97     28
1995   8    1995.625      359.12      359.12      360.73     25
1995   9    1995.708      358.17      358.17      361.55     24
1995  10    1995.792      357.99      357.99      361.37     29
1995  11    1995.875      359.45      359.45      361.59     27
1995  12    1995.958      360.68      360.68      361.53     30
1996   1    1996.042      362.07      362.07      361.85     29
1996   2    1996.125      363.24      363.24      362.35     27
1996   3    1996.208      364.17      364.17      362.53     27
1996   4    1996.292      364.57      364.57      361.86     29
1996   5    1996.375      365.13      365.13      362.10     30
1996   6    1996.458      364.92      364.92      362.69     30
1996   7    1996.542      363.55      363.55      362.85     31
1996   8    1996.625      361.38      361.38      362.98     28
1996   9    1996.708      359.54      359.54      362.99     25
1996  10    1996.792      359.58      359.58      362.97     29
1996  11    1996.875      360.89      360.89      363.03     29
1996  12    1996.958      362.24      362.24      363.08     29
1997   1    1997.042      363.09      363.09      362.88     31
1997   2    1997.125      364.03      364.03      363.22     27
1997   3    1997.208      364.51      364.51      362.88     31
1997   4    1997.292      366.35      366.35      363.68     21
1997   5    1997.375      366.64      366.64      363.74     29
1997   6    1997.458      365.59      365.59      363.41     27
1997   7    1997.542      364.31      364.31      363.60     24
1997   8    1997.625      362.25      362.25      363.84     25
1997   9    1997.708      360.29      360.29      363.68     26
1997  10    1997.792      360.82      360.82      364.12     27
1997  11    1997.875      362.49      362.49      364.56     30
1997  12    1997.958      364.38      364.38      365.15     30
1998   1    1998.042      365.26      365.26      365.07     30
1998   2    1998.125      365.98      365.98      365.17     28
1998   3    1998.208      367.24      367.24      365.60     31
1998   4    1998.292      368.66      368.66      366.03     29
1998   5    1998.375      369.42      369.42      366.55     30
1998   6    1998.458      368.99      368.99      366.80     28
1998   7    1998.542      367.82      367.82      367.14     23
1998   8    1998.625      365.95      365.95      367.55     30
1998   9    1998.708      364.02      364.02      367.37     28
1998  10    1998.792      364.40      364.40      367.67     30
1998  11    1998.875      365.52      365.52      367.56     23
1998  12    1998.958      367.13      367.13      367.88     26
1999   1    1999.042      368.18      368.18      367.96     27
1999   2    1999.125      369.07      369.07      368.26     22
1999   3    1999.208      369.68      369.68      368.08     25
1999   4    1999.292      370.99      370.99      368.45     29
1999   5    1999.375      370.96      370.96      368.15     26
1999   6    1999.458      370.30      370.30      368.13     26
1999   7    1999.542      369.45      369.45      368.77     27
1999   8    1999.625      366.90      366.90      368.48     25
1999   9    1999.708      364.81      364.81      368.13     28
1999  10    1999.792      365.37      365.37      368.64     31
1999  11    1999.875      366.72      366.72      368.71     28
1999  12    1999.958      368.10      368.10      368.77     26
2000   1    2000.042      369.29      369.29      369.08     26
2000   2    2000.125      369.54      369.54      368.83     19
2000   3    2000.208      370.60      370.60      369.09     30
2000   4    2000.292      371.81      371.81      369.28     27
2000   5    2000.375      371.58      371.58      368.71     28
2000   6    2000.458      371.70      371.70      369.50     28
2000   7    2000.542      369.86      369.86      369.20     25
2000   8    2000.625      368.13      368.13      369.72     27
2000   9    2000.708      367.00      367.00      370.30     26
2000  10    2000.792      367.03      367.03      370.26     30
2000  11    2000.875      368.37      368.37      370.32     25
2000  12    2000.958      369.67      369.67      370.30     30
2001   1    2001.042      370.59      370.59      370.43     30
2001   2    2001.125      371.51      371.51      370.78     26
2001   3    2001.208      372.43      372.43      370.87     26
2001   4    2001.292      373.37      373.37      370.81     29
2001   5    2001.375      373.85      373.85      370.94     24
2001   6    2001.458      373.21      373.21      370.99     26
2001   7    2001.542      371.51      371.51      370.90     25
2001   8    2001.625      369.61      369.61      371.22     27
2001   9    2001.708      368.18      368.18      371.44     28
2001  10    2001.792      368.45      368.45      371.69     31
2001  11    2001.875      369.76      369.76      371.74     24
2001  12    2001.958      371.24      371.24      371.92     29
2002   1    2002.042      372.53      372.53      372.30     28
2002   2    2002.125      373.20      373.20      372.33     28
2002   3    2002.208      374.12      374.12      372.44     24
2002   4    2002.292      375.02      375.02      372.37     29
2002   5    2002.375      375.76      375.76      372.81     29
2002   6    2002.458      375.52      375.52      373.30     28
2002   7    2002.542      374.01      374.01      373.42     26
2002   8    2002.625      371.85      371.85      373.52     28
2002   9    2002.708      370.75      370.75      374.10     23
2002  10    2002.792      370.55      370.55      373.88     31
2002  11    2002.875      372.25      372.25      374.34     29
2002  12    2002.958      373.79      373.79      374.53     31
2003   1    2003.042      374.88      374.88      374.63     30
2003   2    2003.125      375.64      375.64      374.77     27
2003   3    2003.208      376.45      376.45      374.80     28
2003   4    2003.292      377.73      377.73      375.06     27
2003   5    2003.375      378.60      378.60      375.55     30
2003   6    2003.458      378.28      378.28      376.03     25
2003   7    2003.542      376.70      376.70      376.19     29
2003   8    2003.625      374.38      374.38      376.08     23
2003   9    2003.708      373.17      373.17      376.48     25
2003  10    2003.792      373.14      373.14      376.47     30
2003  11    2003.875      374.66      374.66      376.81     26
2003  12    2003.958      375.99      375.99      376.75     27
2004   1    2004.042      377.00      377.00      376.78     30
2004   2    2004.125      377.87      377.87      377.02     29
2004   3    2004.208      378.88      378.88      377.23     28
2004   4    2004.292      380.35      380.35      377.62     26
2004   5    2004.375      380.62      380.62      377.48     28
2004   6    2004.458      379.69      379.69      377.39     21
2004   7    2004.542      377.47      377.47      376.94     25
2004   8    2004.625      376.01      376.01      377.74     16
2004   9    2004.708      374.25      374.25      377.62     15
2004  10    2004.792      374.46      374.46      377.82     29
2004  11    2004.875      376.16      376.16      378.31     29
2004  12    2004.958      377.51      377.51      378.31     30
2005   1    2005.042      378.46      378.46      378.21     31
2005   2    2005.125      379.73      379.73      378.93     24
2005   3    2005.208      380.77      380.77      379.27     26
2005   4    2005.292      382.29      382.29      379.65     26
2005   5    2005.375      382.45      382.45      379.31     31
2005   6    2005.458      382.22      382.22      379.88     28
2005   7    2005.542      380.74      380.74      380.18     29
2005   8    2005.625      378.74      378.74      380.42     26
2005   9    2005.708      376.70      376.70      380.01     26
2005  10    2005.792      377.00      377.00      380.30     14
2005  11    2005.875      378.35      378.35      380.50     23
2005  12    2005.958      380.11      380.11      380.90     26
2006   1    2006.042      381.38      381.38      381.14     24
2006   2    2006.125      382.19      382.19      381.38     25
2006   3    2006.208      382.67      382.67      381.14     30
2006   4    2006.292      384.61      384.61      381.92     25
2006   5    2006.375      385.03      385.03      381.87     24
2006   6    2006.458      384.05      384.05      381.75     28
2006   7    2006.542      382.46      382.46      381.91     24
2006   8    2006.625      380.41      380.41      382.08     27
2006   9    2006.708      378.85      378.85      382.16     27
2006  10    2006.792      379.13      379.13      382.46     23
2006  11    2006.875      380.15      380.15      382.33     29
2006  12    2006.958      381.82      381.82      382.64     27
2007   1    2007.042      382.89      382.89      382.67     24
2007   2    2007.125      383.90      383.90      383.01     21
2007   3    2007.208      384.58      384.58      382.94     26
2007   4    2007.292      386.50      386.50      383.71     26
2007   5    2007.375      386.56      386.56      383.34     29
2007   6    2007.458      386.10      386.10      383.84     26
2007   7    2007.542      384.50      384.50      384.02     27
2007   8    2007.625      381.99      381.99      383.70     22
2007   9    2007.708      380.96      380.96      384.32     21
2007  10    2007.792      381.12      381.12      384.47     29
2007  11    2007.875      382.45      382.45      384.65     30
2007  12    2007.958      383.95      383.95      384.83     21
2008   1    2008.042      385.52      385.52      385.28     31
2008   2    2008.125      385.82      385.82      384.96     26
2008   3    2008.208      386.03      386.03      384.48     30
2008   4    2008.292      387.21      387.21      384.58     24
2008   5    2008.375      388.54      388.54      385.45     25
2008   6    2008.458      387.76      387.76      385.46     23
2008   7    2008.542      386.36      386.36      385.80     10
2008   8    2008.625      384.09      384.09      385.75     25
2008   9    2008.708      383.18      383.18      386.46     27
2008  10    2008.792      382.99      382.99      386.27     23
2008  11    2008.875      384.19      384.19      386.37     28
2008  12    2008.958      385.56      385.56      386.41     29
2009   1    2009.042      386.94      386.94      386.63     30
2009   2    2009.125      387.47      387.47      386.59     26
2009   3    2009.208      388.82      388.82      387.32     28
2009   4    2009.292      389.55      389.55      386.92     29
2009   5    2009.375      390.14      390.14      387.02     30
2009   6    2009.458      389.48      389.48      387.24     29
2009   7    2009.542      388.03      388.03      387.55     22
2009   8    2009.625      386.11      386.11      387.80     27
2009   9    2009.708      384.74      384.74      388.01     28
2009  10    2009.792      384.43      384.43      387.68     30
2009  11    2009.875      386.02      386.02      388.16     30
2009  12    2009.958      387.42      387.42      388.23     20
2010   1    2010.042      388.71      388.71      388.41     30
2010   2    2010.125      390.20      390.20      389.26     20
2010   3    2010.208      391.17      391.17      389.65     25
2010   4    2010.292      392.46      392.46      389.90     26
2010   5    2010.375      393.00      393.00      389.88     28
2010   6    2010.458      392.15      392.15      389.89     28
2010   7    2010.542      390.20      390.20      389.72     29
2010   8    2010.625      388.35      388.35      390.01     26
2010   9    2010.708      386.85      386.85      390.14     29
2010  10    2010.792      387.24      387.24      390.53     31
2010  11    2010.875      388.67      388.67      390.79     28
2010  12    2010.958      389.79      389.79      390.60     29
2011   1    2011.042      391.33      391.33      391.03     29
2011   2    2011.125      391.86      391.86      390.94     28
2011   3    2011.208      392.60      392.60      391.07     29
2011   4    2011.292      393.25      393.25      390.63     28
2011   5    2011.375      394.19      394.19      391.02     30
2011   6    2011.458      393.73      393.73      391.44     28
2011   7    2011.542      392.51      392.51      392.04     26
2011   8    2011.625      390.13      390.13      391.83     27
2011   9    2011.708      389.08      389.08      392.40     26
2011  10    2011.792      389.00      389.00      392.33     31
2011  11    2011.875      390.28      390.28      392.44     28
2011  12    2011.958      391.86      391.86      392.66     28
2012   1    2012.042      393.12      393.12      392.89     30
2012   2    2012.125      393.86      393.86      393.04     26
2012   3    2012.208      394.40      394.40      392.80     30
2012   4    2012.292      396.18      396.18      393.44     29
2012   5    2012.375      396.74      396.74      393.54     30
2012   6    2012.458      395.71      395.71      393.45     28
2012   7    2012.542      394.36      394.36      393.92     26
2012   8    2012.625      392.39      392.39      394.17     30
2012   9    2012.708      391.11      391.11      394.54     27
2012  10    2012.792      391.05      391.05      394.41     28
2012  11    2012.875      392.98      392.98      395.02     29
2012  12    2012.958      394.34      394.34      395.04     29
2013   1    2013.042      395.55      395.55      395.40     28
2013   2    2013.125      396.80      396.80      396.02     25
2013   3    2013.208      397.43      397.43      395.85     30
2013   4    2013.292      398.41      398.41      395.53     22
2013   5    2013.375      399.78      399.78      396.41     28
2013   6    2013.458      398.61      398.61      396.28     26
2013   7    2013.542      397.32      397.32      396.92     21
2013   8    2013.625      395.20      395.20      397.08     27
2013   9    2013.708      393.45      393.45      396.99     27
2013  10    2013.792      393.70      393.70      397.04     28
2013  11    2013.875      395.16      395.16      397.14     30
2013  12    2013.958      396.84      396.84      397.58     30
2014   1    2014.042      397.85      397.85      397.63     31
2014   2    2014.125      398.01      398.01      397.19     26
2014   3    2014.208      399.77      399.77      398.19     24
2014   4    2014.292      401.38      401.38      398.55     28
2014   5    2014.375      401.78      401.78      398.45     22
2014   6    2014.458      401.25      401.25      398.96     28
2014   7    2014.542      399.10      399.10      398.70     25
2014   8    2014.625      397.03      397.03      398.87     21
2014   9    2014.708      395.38      395.38      398.88     21
2014  10    2014.792      396.03      396.03      399.39     24
2014  11    2014.875      397.28      397.28      399.32     27
2014  12    2014.958      398.91      398.91      399.66     29
2015   1    2015.042      399.98      399.98      399.76     30
2015   2    2015.125      400.28      400.28      399.46     27
2015   3    2015.208      401.54      401.54      399.96     24
2015   4    2015.292      403.28      403.28      400.45     27
2015   5    2015.375      403.96      403.96      400.63     30
2015   6    2015.458      402.80      402.80      400.51     28
2015   7    2015.542      401.31      401.31      400.90     23
2015   8    2015.625      398.93      398.93      400.77     28
2015   9    2015.708      397.63      397.63      401.13     25
2015  10    2015.792      398.29      398.29      401.65     28
2015  11    2015.875      400.16      400.16      402.20     27
2015  12    2015.958      401.85      401.85      402.60     30
2016   1    2016.042      402.52      402.52      402.30     27
2016   2    2016.125      404.04      404.04      403.21     26
2016   3    2016.208      404.83      404.83      403.25     29
2016   4    2016.292      407.42      407.42      404.59     25
2016   5    2016.375      407.70      407.70      404.38     29
2016   6    2016.458      406.81      406.81      404.52     26
2016   7    2016.542      404.39      404.39      403.98     28
2016   8    2016.625      402.25      402.25      404.10     23
2016   9    2016.708      401.03      401.03      404.53     24
2016  10    2016.792      401.57      401.57      404.93     29
2016  11    2016.875      403.53      403.53      405.57     27
2016  12    2016.958      404.48      404.48      405.22     29
2017   1    2017.042      406.13      406.13      405.90     26
2017   2    2017.125      406.42      406.42      405.60     26
2017   3    2017.208      407.18      407.18      405.60     23